function [ A ] = trs()
A =[0.9664   -0.1050   38.5840;
    0.1024    0.9401   -7.3161];
end

